File: numbers.txt
Количество чисел: 100
Размер в байтах: 493
Содержимое:
915
823
454
570
634
784
179
631
894
206
840
60
902
598
319
90
202
115
705
775
295
378
398
835
640
498
483
22
411
659
473
453
781
636
320
558
318
284
811
365
28
118
416
310
105
334
814
251
553
74
719
856
105
959
966
538
425
618
930
136
301
157
221
235
733
388
279
266
279
760
771
918
303
340
747
177
962
88
731
306
683
233
469
337
940
616
349
821
670
781
133
700
353
676
64
870
897
181
577
717



File: prime_numbers.txt
Количество чисел: 20
Размер в байтах: 96
Содержимое:
2
733
277
739
281
467
13
181
37
179
457
263
883
359
809
211
379
383
349
167



File: prime_numbers_ending_with_7.txt
Количество чисел: 5
Размер в байтах: 24
Содержимое:
277
467
37
457
167



