Гравець 1 [1000] [747]
Гравець 2 [1000] [780]
Гравець 3 [1000] [604]
Гравець 4 [1000] [276]
Гравець 5 [1000] [426]
Гравець 6 [1000] [825]
Гравець 7 [1000] [169]
Гравець 8 [1000] [685]
Гравець 9 [1000] [597]
Гравець 10 [1000] [256]
Гравець 11 [1000] [1806]
Гравець 12 [1000] [895]
Гравець 13 [1000] [84]
Гравець 14 [1000] [689]
Гравець 15 [1000] [730]
Гравець 16 [1000] [335]
Гравець 17 [1000] [521]
Гравець 18 [1000] [155]
Гравець 19 [1000] [135]
Гравець 20 [1000] [647]
Гравець 21 [1000] [39]
Гравець 22 [1000] [369]
Гравець 23 [1000] [146]
Гравець 24 [1000] [461]
Гравець 25 [1000] [489]
